I
1000 Generated by WorldEditor

1   3092 1 0 FBMN MAUN
100 29.87 1 0 0.25 0 2 0 08 -19.97619317  023.42249419    0  198 2 0 0 0 26 -19.96889317  023.43984719    0   61 2 0 0 0
110 2 0.00 0.0000 parking1
111 -19.97415364  023.43115791 20
111 -19.97433990  023.43124222 20
111 -19.97442572  023.43142021 20
111 -19.97442789  023.43160650 20
111 -19.97414423  023.43175717 20
111 -19.97396460  023.43141712 20
111 -19.97412461  023.43126699 20
113 -19.97412430  023.43122561 20
110 1 0.00 0.0000 road1_1
111 -19.97415363  023.43115716 20 102
111 -19.97412410  023.43122440 20 102
112 -19.97366121  023.43098816 -19.97361749  023.43107421 20 102
112 -19.97373158  023.43082982 -19.97368786  023.43092285
111 -19.97373158  023.43082982
112 -19.97373158  023.43082982 -19.97370972  023.43087634 20 102
114 -19.97390289  023.43099804 -19.97399823  023.43105626 20 102
110 1 0.00 0.0000 road1_2
111 -19.97417254  023.43091571 20 102
111 -19.97414010  023.43097676 20 102
112 -19.97374267  023.43079470 -19.97369896  023.43088075 20 102
112 -19.97381304  023.43063636 -19.97376932  023.43072938
111 -19.97381304  023.43063636
112 -19.97381304  023.43063636 -19.97379118  023.43068287 20 102
114 -19.97398435  023.43080458 -19.97407969  023.43086279 20 102
110 1 0.00 0.0000 New Taxiway 3
111 -19.97335977  023.43212002 20 102
111 -19.97401173  023.43064487 20 102
111 -19.97404589  023.43066407 20 102
112 -19.97344287  023.43203502 -19.97341968  023.43208438 20 102
113 -19.97348411  023.43220228 20 102
110 1 0.00 0.0000 New Main Taxiline
111 -19.97631248  023.42254900 20
112 -19.97662516  023.42254214 -19.97672187  023.42255929 20
112 -19.97705712  023.42319724 -19.97688318  023.42362127
111 -19.97705712  023.42319724
112 -19.97705712  023.42319724 -19.97704624  023.42322374 20
112 -19.97694388  023.42345624 -19.97688049  023.42359984 20
112 -19.97668413  023.42404345 -19.97657559  023.42428876
111 -19.97668413  023.42404345
112 -19.97668413  023.42404345 -19.97657559  023.42428876 20
112 -19.97629998  023.42491268 -19.97615364  023.42524430 20
112 -19.97572464  023.42620828 -19.97554788  023.42661081
111 -19.97572464  023.42620828
112 -19.97572464  023.42620828 -19.97554788  023.42661081 22
112 -19.97383598  023.43054594 -19.97361216  023.43106886 20
112 -19.97328650  023.43187284 -19.97306173  023.43240510
111 -19.97328650  023.43187284
112 -19.97328650  023.43187284 -19.97238742  023.43400189 20
112 -19.97040107  023.43854891 -19.96971690  023.44016178 20
112 -19.96944194  023.44047128 -19.96927490  023.44043698 20
111 -19.96895958  023.44001357 20
111 -19.96907240  023.43973233 20
111 -19.96913043  023.43993125 20
112 -19.96951583  023.44017725 -19.96970045  023.44004630
111 -19.96951583  023.44017725
112 -19.96951583  023.44017725 -19.96964477  023.44005877 20
112 -19.97030395  023.43851022 -19.97062392  023.43773012 20
112 -19.97093976  023.43690433 -19.97093411  023.43683160
111 -19.97093976  023.43690433
112 -19.97093976  023.43690433 -19.97092846  023.43675887 20
112 -19.97069091  023.43658513 -19.97055110  023.43647843 20
111 -19.97044153  023.43648271 20
111 -19.97057231  023.43618286 20
112 -19.97074542  023.43647750 -19.97087422  023.43658449 20
112 -19.97114551  023.43651190 -19.97127092  023.43628830 20
112 -19.97176639  023.43503061 -19.97186345  023.43472806 20
112 -19.97156270  023.43455724 -19.97147931  023.43448888
111 -19.97156270  023.43455724
112 -19.97156270  023.43455724 -19.97145125  023.43447768 20
111 -19.97126208  023.43452439 20
111 -19.97144707  023.43405996 20
112 -19.97161688  023.43442640 -19.97181752  023.43460269
111 -19.97161688  023.43442640
112 -19.97161688  023.43442640 -19.97172078  023.43452677 20
112 -19.97202232  023.43447588 -19.97214997  023.43425329
111 -19.97202232  023.43447588
112 -19.97202232  023.43447588 -19.97215706  023.43424197 20
112 -19.97349414  023.43099751 -19.97356707  023.43079208 20
112 -19.97323840  023.43060995 -19.97303096  023.43046862 20
111 -19.97293416  023.43055805 20
111 -19.97307995  023.43021593 20
112 -19.97329731  023.43048335 -19.97349827  023.43059870 20
112 -19.97372086  023.43048315 -19.97384529  023.43025947
111 -19.97372086  023.43048315
112 -19.97372086  023.43048315 -19.97388819  023.43016816 20
112 -19.97454617  023.42858320 -19.97469049  023.42826779 20
112 -19.97420750  023.42812937 -19.97410219  023.42806297 20
111 -19.97392486  023.42818387 20
111 -19.97412488  023.42770263 20
112 -19.97428487  023.42797503 -19.97445259  023.42804558 20
112 -19.97484899  023.42792701 -19.97497381  023.42767385 20
112 -19.97686474  023.42324556 -19.97701005  023.42290588 20
112 -19.97650267  023.42283366 -19.97637372  023.42282338 20
113 -19.97617917  023.42287134 20
110 1 0.00 0.0000 New Taxiway 5
111 -19.97208432  023.43465252 5 102
112 -19.97216391  023.43488191 -19.97222554  023.43494311 5 102
112 -19.97234812  023.43504343 -19.97239947  023.43509479 5 102
111 -19.97246347  023.43496925 5 102
111 -19.97256508  023.43505320 5 102
112 -19.97243716  023.43519404 -19.97236731  023.43523119 5 102
112 -19.97219556  023.43504694 -19.97204560  023.43491252 5 102
113 -19.97194318  023.43499371 5 102
110 1 0.00 0.0000 New Taxiway 4
111 -19.97348506  023.43323718 5 102
111 -19.97263884  023.43512076 5 102
111 -19.97236369  023.43489429 5 102
113 -19.97319434  023.43303281 5 102
110 1 0.00 0.0000 New Taxiway 3
111 -19.97326234  023.43189231 5 102
112 -19.97334744  023.43210735 -19.97342022  023.43215382 5 102
111 -19.97367591  023.43234412
111 -19.97364954  023.43241888 5 102
111 -19.97339466  023.43296333 5 102
111 -19.97304958  023.43272609 5 102
113 -19.97289002  023.43273741 5 102
110 1 0.00 0.0000 New Taxiway 11
111 -19.97249536  023.43369041 5 102
111 -19.97280635  023.43391746 5 102
111 -19.97277823  023.43398082 5 102
114 -19.97244739  023.43379425 -19.97242588  023.43383473 5 102
110 1 0.00 0.0000 New Taxiway 8
111 -19.97357618  023.43226734 21 102
112 -19.97367444  023.43207374 -19.97370174  023.43201953 21 102
111 -19.97376360  023.43201566 21 102
112 -19.97384003  023.43222281 -19.97375815  023.43240093 21 102
111 -19.97339059  023.43317922 21 102
111 -19.97334691  023.43314631 21 102
114 -19.97367710  023.43244595 -19.97371895  023.43235302
111 -19.97371602  023.43208334 21
112 -19.97364997  023.43224918 -19.97363547  023.43236701 21
111 -19.97371926  023.43235215 21
114 -19.97381039  023.43214172 -19.97380517  023.43204486 21
110 1 0.00 0.0000 New Taxiway 8
111 -19.97432527  023.42799108 5 102
112 -19.97425234  023.42761936 -19.97423549  023.42760265 5 102
111 -19.97419704  023.42758307
111 -19.97432179  023.42728840 5 102
112 -19.97432107  023.42758483 -19.97433091  023.42767205 5 102
113 -19.97439139  023.42801500 5 102
110 2 0.00 0.0000 New Taxiway 7
111 -19.97502618  023.42914183 102
111 -19.97429178  023.43081522 102
111 -19.97384196  023.43054168 102
111 -19.97455533  023.42890524 102
113 -19.97455533  023.42890524 102
110 1 0.00 0.0000 GA Parking 1
111 -19.97619511  023.42515164 20
111 -19.97692380  023.42539894 20
111 -19.97684842  023.42559277 20
111 -19.97549156  023.42862720 20
111 -19.97509529  023.42913721 20
111 -19.97509597  023.42918618 20
111 -19.97522772  023.42928889 20
111 -19.97469377  023.43054543 20
111 -19.97492293  023.43067910 20
111 -19.97463975  023.43122675 20
111 -19.97423520  023.43094645 20
111 -19.97502671  023.42914185 20
113 -19.97455539  023.42890486
111 -19.97576447  023.42622919 20
112 -19.97601780  023.42626297 -19.97609173  023.42616184 20
112 -19.97642670  023.42531436 -19.97640910  023.42526941 20
114 -19.97617261  023.42528815 -19.97612234  023.42537769 20
112 -19.97647842  023.42535258 -19.97645656  023.42539910 20
112 -19.97605058  023.42631326 -19.97603826  023.42638817 20
112 -19.97620626  023.42636669 -19.97624146  023.42630489 20
114 -19.97661929  023.42542420 -19.97663787  023.42537768 20
120 Default hold RWY 08 (centre)
111 -19.97161765  023.43442676 4
115 -19.97156275  023.43455730
120 Default hold RWY 08 (near)
111 -19.97662215  023.42254094 4
115 -19.97650634  023.42283409
120 Default hold RWY 08 2
111 -19.97428328  023.42797359 4
115 -19.97421331  023.42813396
120 Default hold RWY 08 3
111 -19.97329691  023.43048317 4
115 -19.97323811  023.43060970
120 Default hold RWY 08 4
111 -19.97074641  023.43647802 4
115 -19.97068822  023.43658750
120 Default hold RWY 08 (far)
111 -19.96924290  023.44008650 4
115 -19.96915597  023.44025111
120 Linear Feature 9
111 -19.97533250  023.42744866 20
115 -19.97542397  023.42749553
120 Linear Feature 8
111 -19.97540573  023.42728120 20
115 -19.97549872  023.42732665
120 Linear Feature 7
111 -19.97546196  023.42715520 22
115 -19.97555485  023.42719771
120 Linear Feature 6
111 -19.97552251  023.42701705 22
115 -19.97561457  023.42706124
120 Linear Feature 5
111 -19.97557821  023.42689087 22
115 -19.97566861  023.42693719
120 Linear Feature 4
111 -19.97563666  023.42675783 22
115 -19.97572661  023.42680426
120 Linear Feature 3
111 -19.97569247  023.42663110 22
115 -19.97578296  023.42667473
120 Linear Feature 2
111 -19.97574906  023.42650266 22
115 -19.97583970  023.42654473
120 Linear Feature 1
111 -19.97580434  023.42637709 20
111 -19.97477365  023.42871866 20
111 -19.97486804  023.42877449 20
113 -19.97589654  023.42641415 20
120 Linear Feature 12
112 -19.97335554  023.43219510 -19.97340179  023.43222736 20 103
111 -19.97330854  023.43252580 20 103
112 -19.97314637  023.43274044 -19.97307555  023.43275446
111 -19.97314637  023.43274044
112 -19.97314637  023.43274044 -19.97311178  023.43273518 20 103
112 -19.97295137  023.43256612 -19.97294558  023.43250176
111 -19.97295137  023.43256612
112 -19.97295137  023.43256612 -19.97294419  023.43249953 20 103
112 -19.97313318  023.43210363 -19.97315922  023.43207019
111 -19.97313318  023.43210363
114 -19.97313318  023.43210363 -19.97316256  023.43206664 20 103
120 Linear Feature 10
112 -19.97313118  023.43210610 -19.97310200  023.43215407 20 103
112 -19.97295127  023.43256626 -19.97295197  023.43266149 20 103
112 -19.97337150  023.43281044 -19.97340438  023.43274746 20 103
112 -19.97353170  023.43245887 -19.97359271  023.43230647 20 103
111 -19.97348131  023.43227261 20 103
113 -19.97333542  023.43218230 20 103
120 Linear Feature 19
111 -19.97482092  023.42861163 22
115 -19.97491468  023.42866577
120 Linear Feature 18
111 -19.97486680  023.42850687 22
115 -19.97496003  023.42856186
120 Linear Feature 17
111 -19.97491371  023.42840116 22
115 -19.97500764  023.42845263
120 Linear Feature 16
111 -19.97496184  023.42829106 22
115 -19.97505574  023.42834231
120 Linear Feature 15
111 -19.97500923  023.42818242 22
115 -19.97510291  023.42823429
120 Linear Feature 14
111 -19.97505769  023.42806994 22
115 -19.97515209  023.42812226
120 Linear Feature 13
111 -19.97510849  023.42795036 22
115 -19.97520086  023.42799787
120 Linear Feature 12
111 -19.97516083  023.42783242 22
115 -19.97525474  023.42787993
120 Linear Feature 11
111 -19.97521779  023.42770302 22
115 -19.97530862  023.42775052
120 Linear Feature 10
111 -19.97528399  023.42755723 22
115 -19.97537328  023.42760637
21 -19.97515455  023.42409773 2 65.8900 3.0 08  PAPI-4L
21 -19.96993195  023.43824385 2 245.8800 3.0 26  PAPI-4L
1300 -19.97475205  023.42928761   7.59 gate turboprops Ramp Start Turboprops
1300 -19.97540292  023.42796408 -19.65 misc props Ramp Start GA 2
1300 -19.97437788  023.43154256 303.03 hangar props GA Hangar
1300 -19.97503497  023.42880679 -23.96 misc props Ramp Start GA 1
18 -19.97168498  023.43076181 1 BCN
19 -19.97593494  023.42205786 1 WS
19 -19.96915137  023.44028352 1 WS
53 12190 GND
54 11870 TWR
54 11870 AFIS
55 12600 APP
99
